0.618730158730159	 0.5
0.3819047619047618	 0.6
0.2723809523809524	 0.7
0.16412698412698407	 0.7999999999999999
0.10444444444444442	 0.8999999999999999
0.0955555555555555	 0.9999999999999999
0.08507936507936505	 1.0999999999999999
0.053650793650793636	 1.2
0.05841269841269841	 1.3
0.0384126984126984	 1.4000000000000001
0.02444444444444443	 1.5000000000000002
0.03015873015873015	 1.6000000000000003
0.019047619047619042	 1.7000000000000004
0.015555555555555546	 1.8000000000000005
0.015555555555555553	 1.9000000000000006
0.011428571428571429	 2.0000000000000004
0.008888888888888889	 2.1000000000000005
0.009523809523809523	 2.2000000000000006
0.006984126984126984	 2.3000000000000007
0.005079365079365079	 2.400000000000001
0.006349206349206349	 2.500000000000001
0.007936507936507936	 2.600000000000001
0.006666666666666666	 2.700000000000001
0.006031746031746031	 2.800000000000001
0.006349206349206349	 2.9000000000000012
0.003492063492063492	 3.0000000000000013
